                           6                                        097155                                  20240717                                                                                                                                        08093C073000                                                                                                                                                                                                                                                     00  
                           6                                        04689253                                20240717                                                                                                                                        08093C074000                                                                                                                                                                                                                                                     00  
                           8                                        006470                                  20240717                                                                                                                                        08093C078000                                                                                                                                                                                                                                                     00  
                           8                                        07166707                                20240717                                                                                                                                        08093C079000                                                                                                                                                                                                                                                     00  
                           8                                        06089629                                20240717                                                                                                                                        08093C087000                                                                                                                                                                                                                                                     00  
                           8                                        10991535                                20240717                                                                                                                                        08093C089000                                                                                                                                                                                                                                                     00  
                           8                                        06835218                                20240717                                                                                                                                        08093C091000                                                                                                                                                                                                                                                     00  
                           8                                        02516190                                20240717                                                                                                                                        08093C096000                                                                                                                                                                                                                                                     10  
                           6                                        165270                                  20240717                                                                                                                                        08093C098000                                                                                                                                                                                                                                                     00  
                           8                                        137670                                  20240717                                                                                                                                        08093C101000                                                                                                                                                                                                                                                     00  
                           6                                        129780                                  20240717                                                                                                                                        08093C102000                                                                                                                                                                                                                                                     00  
                           8                                        00174499                                20240717                                                                                                                                        08093C111000                                                                                                                                                                                                                                                     00  
                           8                                        10798586                                20240717                                                                                                                                        08093C112000                                                                                                                                                                                                                                                     00  
                           8                                        0998                                    20240717                                                                                                                                        08093C113000                                                                                                                                                                                                                                                     00  
                           6                                        083365                                  20240717                                                                                                                                        08093C116000                                                                                                                                                                                                                                                     00  
                           6                                        11645574                                20240717                                                                                                                                        08093C120000                                                                                                                                                                                                                                                     00  
                           8                                        07356460                                20240717                                                                                                                                        08094C006000                                                                                                                                                                                                                                                     20  
                           8                                        05903403                                20240717                                                                                                                                        08094C007000                                                                                                                                                                                                                                                     00  
                           8                                        06840343                                20240717                                                                                                                                        08094C008000                                                                                                                                                                                                                                                     30  
                           6                                        133890                                  20240717                                                                                                                                        08094C009000                                                                                                                                                                                                                                                     00  
                           8                                        10227512                                20240717                                                                                                                                        08094C010000                                                                                                                                                                                                                                                     10  
                           8                                        09983585                                20240717                                                                                                                                        08094C011000                                                                                                                                                                                                                                                     10  
                           6                                        283025                                  20240717                                                                                                                                        08094C012000                                                                                                                                                                                                                                                     00  
                           8                                        04670233                                20240717                                                                                                                                        08094C014000                                                                                                                                                                                                                                                     20  
                           6                                        05943819                                20240717                                                                                                                                        08094C015000                                                                                                                                                                                                                                                     00  
                           6                                        02384103                                20240717                                                                                                                                        08094C017000                                                                                                                                                                                                                                                     30  
                           8                                        04823770                                20240717                                                                                                                                        08094C018000                                                                                                                                                                                                                                                     00  
                           8                                        20536405                                20240717                                                                                                                                        08094C020000                                                                                                                                                                                                                                                     00  
                           8                                        06282419                                20240717                                                                                                                                        08094C024000                                                                                                                                                                                                                                                     20  
                           8                                        03549752                                20240717                                                                                                                                        08094C026000                                                                                                                                                                                                                                                     00  
                           8                                        04764602                                20240717                                                                                                                                        08094C027000                                                                                                                                                                                                                                                     10  
                           8                                        04595105                                20240717                                                                                                                                        08094C029000                                                                                                                                                                                                                                                     10  
                           6                                        12465643                                20240717                                                                                                                                        08094C030000                                                                                                                                                                                                                                                     20  
                           8                                        03316798                                20240717                                                                                                                                        08094C033000                                                                                                                                                                                                                                                     00  
                           8                                        08580179                                20240717                                                                                                                                        08094C034000                                                                                                                                                                                                                                                     00  
                           8                                        05233268                                20240717                                                                                                                                        08094C035000                                                                                                                                                                                                                                                     20  
                           8                                        02225856                                20240717                                                                                                                                        08094C036000                                                                                                                                                                                                                                                     10  
                           6                                        110330                                  20240717                                                                                                                                        08094C038000                                                                                                                                                                                                                                                     00  
                           8                                        02384935                                20240717                                                                                                                                        08094C044000                                                                                                                                                                                                                                                     10  
                           6                                        190230                                  20240717                                                                                                                                        08094C045000                                                                                                                                                                                                                                                     00  
                           8                                        05975275                                20240717                                                                                                                                        08094C047000                                                                                                                                                                                                                                                     00  
                           6                                        135095                                  20240717                                                                                                                                        08094C048000                                                                                                                                                                                                                                                     00  
                           8                                        04183059                                20240717                                                                                                                                        08094C050000                                                                                                                                                                                                                                                     30  
                           8                                        07270355                                20240717                                                                                                                                        08094C056000                                                                                                                                                                                                                                                     00  
                           8                                        09649944                                20240717                                                                                                                                        08094C059000                                                                                                                                                                                                                                                     30  
                           8                                        01251331                                20240717                                                                                                                                        08094C061000                                                                                                                                                                                                                                                     00  
                           8                                        08944722                                20240717                                                                                                                                        08094C066000                                                                                                                                                                                                                                                     40  
                           6                                        143735                                  20240717                                                                                                                                        08094C067000                                                                                                                                                                                                                                                     00  
                           8                                        01111724                                20240717                                                                                                                                        08094C094000                                                                                                                                                                                                                                                     20  
                           8                                        03896355                                20240717                                                                                                                                        08094C107000                                                                                                                                                                                                                                                     00  
                           6                                        167150                                  20240717                                                                                                                                        08094C110500                                                                                                                                                                                                                                                     00  
                           8                                        03797626                                20240717                                                                                                                                        08094C116000                                                                                                                                                                                                                                                     20  
                           6                                        06405404                                20240717                                                                                                                                        08094C119000                                                                                                                                                                                                                                                     00  
                           6                                        152690                                  20240717                                                                                                                                        08095C080000                                                                                                                                                                                                                                                     00  
                           8                                        15231024                                20240717                                                                                                                                        08095C100000                                                                                                                                                                                                                                                     00  
                           8                                        03874693                                20240717                                                                                                                                        08095C102000                                                                                                                                                                                                                                                     20  
                           6                                        07242076                                20240717                                                                                                                                        08095C104000                                                                                                                                                                                                                                                     00  
                           8                                        00091166                                20240717                                                                                                                                        08095C105000                                                                                                                                                                                                                                                     10  
                           6                                        10599289                                20240717                                                                                                                                        08095C111000                                                                                                                                                                                                                                                     00  
                           6                                        058865                                  20240717                                                                                                                                        08095C112000                                                                                                                                                                                                                                                     00  
                           8                                        04634361                                20240717                                                                                                                                        08095C113000                                                                                                                                                                                                                                                     10  
                           6                                        070705                                  20240717                                                                                                                                        08095C116000                                                                                                                                                                                                                                                     00  
                           8                                        07183894                                20240717                                                                                                                                        08097C002000                                                                                                                                                                                                                                                     30  
                           8                                        01146139                                20240717                                                                                                                                        08097C003000                                                                                                                                                                                                                                                     10  
                           6                                        09280344                                20240717                                                                                                                                        08097C004000                                                                                                                                                                                                                                                     10  
                           8                                        06072768                                20240717                                                                                                                                        08097C006000                                                                                                                                                                                                                                                     00  
                           8                                        10652065                                20240717                                                                                                                                        08097C011000                                                                                                                                                                                                                                                     00  
                           8                                        10319854                                20240717                                                                                                                                        08097C017000                                                                                                                                                                                                                                                     00  
                           6                                        180095                                  20240717                                                                                                                                        08094C004000                                                                                                                                                                                                                                                     00  
